1863
1873
1877
1222
1886
640
496
1951
1953
1969
1518
978
1977
1697
1991
1992
1993
1090
2006
1402
386
387
1091
1614
2050
108
990
1277
646
1653
991
1677
329
218
641
2122
1693
1523
2138
2142
1778
116
393
2180
2181
322
1093
1006
1131
3259
1195
2256
122
968
753
2316
1103
2350
1549
529
2368
762
1168
2429
1694
1667
1668
2443
1227
1655
2451
243
2452
1117
2464
129
2490
1686
2493
1788
754
2530
1094
416
2549
2551
1293
2552
1147
419
993
1540
245
2621
2629
1741
2641
220
2665
728
1142
2703
1552
2715
434
2752
1658
1488
1553
2782
2785
2806
2814
151
2829
1753
2834
2850
1723
1185
891
156
2916
1164
1695
2927
2932
2937
373
1770
324
730
963
1769
2998
3019
3023
974
3065
3073
361
208
971
3103
3105
3141
3145
3151
3158
907
1745
3165
1719
1136
977
3182
3183
3190
3197
3206
3222
221
190
948
912
53
940
170
172
325
173
909
2846
311
986
584
972
3349
3362
3381
3392
3394
3406
3410
1001
733
313
3458
1087
1819
1532
3469
1687
3483
217
3487
1679
9013
9014
1042
9029
1137
9040
1004
797
9062
9063
2424
2670
2191
737
2007
911
1617
9018
1519
1859
231
1893
678
327
1927
1659
1933
1742
333
857
1216
1350
1026
2015
2380
2024
2028
2053
2072
2073
2082
1352
369
2094
1832
697
2108
2121
2131
975
2137
288
1822
2179
1281
2188
118
2197
858
2226
2230
121
187
1336
290
970
2269
1111
2270
2303
2308
2325
2326
1011
1652
1566
1785
267
64
2410
2411
2428
2440
66
2448
2462
2465
2472
2484
68
413
131
2494
1648
656
414
2520
710
345
1148
421
1443
2593
2598
1666
1152
2618
2630
425
611
722
1391
2693
431
2726
2733
2742
1349
2774
2778
2779
679
2796
2798
1370
2823
711
446
2853
299
1759
1104
1419
2887
2905
2919
1009
1218
454
988
72
458
2968
2972
158
630
2141
870
3063
1257
1479
1517
3089
3092
3098
3139
1156
3155
3166
596
3187
3196
3234
1691
876
3253
252
3270
1507
1508
1661
3290
3295
663
488
478
3413
314
55
3448
1329
794
3466
3472
3473
3474
3484
1738
9006
355
318
1385
1330
9057
1003
1494
9096
9108
1414
1150
1696
1420
1421
233
1936
2824
9021
1493
987
1848
1875
1787
2531
2743
24
3002
635
3360
3385
107
1849
1850
981
1151
1851
1858
1861
1533
892
1864
1865
914
598
1870
1332
1587
1872
1083
1878
1565
1883
1844
491
612
696
1699
1897
1901
234
1548
1904
1913
1915
1917
1918
1735
1921
1923
834
1048
1928
1929
1931
1932
1270
787
1935
705
96
1938
1412
1327
595
1560
1950
1952
1954
1955
385
1814
56
1224
1965
1966
1970
1971
1973
1818
689
1982
1700
1701
1773
1984
1500
1985
1275
1986
1722
1990
599
19
1158
1640
1997
715
1765
2009
2012
2014
655
828
647
2018
262
2025
2026
104
2029
105
2032
2034
2036
2041
2042
2043
2045
2048
484
2051
2057
1543
2059
2062
110
2067
800
390
2069
1835
1472
2074
2075
2077
1206
1698
2084
1468
766
2717
2090
1122
1278
334
1654
547
1776
1586
2115
1824
2117
826
287
2123
2126
824
1461
239
2143
391
648
60
1234
2147
44
2150
2154
2155
2157
1353
1777
1246
2160
2162
649
392
2170
2171
2173
1766
117
2187
1183
2192
2194
1781
1830
2199
2204
2205
2206
2208
2211
1656
1438
1407
1758
5
395
2220
337
1247
1043
2227
2229
992
2236
2238
549
398
2241
2244
2246
2248
1838
2250
2251
2254
339
2258
2261
291
2263
2264
1084
401
600
669
2273
964
601
616
2285
541
2292
2296
402
859
860
489
2299
2301
2302
1401
2314
687
1763
2337
2340
2345
2347
1286
241
2356
1044
769
1415
1416
1590
2364
1132
645
1207
1704
2374
2375
602
1159
1786
242
960
342
2384
2385
2390
1705
2392
1473
408
2393
2394
536
2398
688
936
2401
2402
2404
2405
125
2412
771
821
2417
2418
2420
2422
2423
1290
2619
1646
2432
673
1360
2456
2457
1502
1292
2469
130
2471
2473
2474
2475
2476
2481
2485
2487
1716
2488
2492
642
2508
1520
2513
2518
343
2522
2523
2526
531
1457
659
2538
338
660
2542
293
1409
2544
2547
553
2557
418
1733
2560
1707
2562
1365
844
2567
2568
2570
1193
2577
2578
2581
1394
2729
2582
2584
2585
829
2589
2594
1734
2597
2604
2605
1612
747
2613
422
2616
1501
2624
2626
1708
1328
1331
295
2634
2637
2638
424
1551
2643
2646
2656
1037
426
2666
2667
1295
1627
607
46
2677
2681
138
2683
626
1650
2700
430
1366
1154
2708
832
2709
1032
2710
2713
1808
2716
2719
670
2731
2736
247
144
219
370
2740
995
1446
490
2748
48
1149
928
2753
2755
1608
717
2759
2761
2762
788
2764
2768
145
2770
1504
2781
2787
1317
2791
2799
1300
1198
1201
146
2810
2811
1465
661
11
150
347
2821
2827
1671
2832
2836
2843
153
210
448
1155
2854
500
1724
192
930
2868
2873
2874
2876
2877
1051
1417
211
997
1400
1469
1795
2885
2889
2891
2892
2896
867
2902
2904
1017
1754
2913
2914
2920
377
453
2922
2926
1250
801
2928
833
1746
2934
3223
2936
2941
2942
585
2944
2946
1372
2953
1433
486
503
459
1395
1105
2965
2975
1643
2981
1739
2986
2990
2993
1307
1505
303
1169
1827
1644
3005
3006
378
3010
3017
2431
3025
3027
1267
272
161
1106
3038
512
3042
3044
1498
712
3046
1615
1109
3050
1798
3051
671
1023
718
3060
1761
3068
1205
1389
3070
3071
3074
3075
464
3077
3080
3082
3083
3085
3088
1489
3090
1509
1310
162
3091
1613
1120
304
305
3094
935
1134
351
3101
3102
822
3104
872
1165
1338
3110
1747
1374
1166
1375
1376
3120
958
3123
165
3124
3130
693
1710
1821
3131
3138
3143
3146
1057
1558
1559
999
465
3160
1110
1458
1811
3174
3176
268
359
3178
1219
467
167
169
189
504
562
1098
1319
1555
1018
3193
1836
1299
3198
938
1580
1673
3208
3211
3218
3220
193
1762
3225
3226
3228
3236
1675
78
1453
1378
374
375
3252
1396
1397
3254
1536
3258
1
3262
3265
1829
814
1841
516
1254
3273
3276
1629
171
668
941
1060
3284
3486
308
3288
578
1845
724
3292
3296
3298
3302
310
501
3306
3308
3310
277
3311
3321
3323
3327
28
3331
3332
3334
1547
3335
3337
3342
3347
1383
779
175
1146
1711
326
3354
3355
1589
1712
3376
179
604
479
3395
3396
3397
3399
1085
1812
3408
1019
1678
3420
3421
51
315
3440
3444
1641
3453
1112
3461
1575
1251
1214
3470
3471
761
3477
3478
16
1561
3488
3492
1557
3496
3497
3498
3500
9003
9005
9008
9011
9012
9030
9033
1757
9035
1432
654
9044
1623
9048
9050
1031
9056
9060
520
653
756
757
9065
1005
9068
9073
9079
1387
9084
606
1657
9090
321
9101
9104
9105
9106
9107
9109
9110
525
526
2445
1610
527
2093
2234
2237
823
3136
3463
1744
9037
De88
2221
2588
2608
9154
2338
2502
1768
230
1223
1102
1896
1900
1920
1047
1939
1963
1413
587
1203
103
316
1406
1351
2085
546
2135
507
1626
1130
2201
2899
1408
2214
2217
335
2228
2232
692
1335
289
677
2293
2298
1287
1359
2397
2419
1289
1291
1496
1647
2489
2524
1196
2540
1133
2650
2659
555
1153
1063
442
2807
1825
1029
2900
1095
868
2940
934
2974
38
3003
3020
744
3054
1015
3096
3114
873
1591
875
3140
709
1052
515
3224
3248
39
518
476
1145
1086
3407
3412
3415
3416
3422
566
1430
1002
3464
1907
976
9081
9082
9083
1960
379
41
1852
900
1855
1190
497
284
886
89
752
1535
613
91
1436
1866
1867
1272
92
666
1869
1876
1879
94
1881
261
1887
597
1891
714
382
1898
1065
1902
384
580
1906
1909
1910
1911
1912
1914
1630
1925
1926
1593
1930
748
749
492
989
1937
1837
1941
330
1942
1944
1228
1946
1947
1956
235
902
1958
2101
1959
1826
1967
1968
1157
1680
1113
1980
21
1459
1983
237
100
667
1631
683
1273
1274
1774
1429
201
1230
1231
1233
101
1994
1995
1999
33
2004
618
2005
545
2010
102
2016
2017
2020
2021
1567
1568
388
1114
106
1088
389
1706
2037
2038
2044
815
2047
837
838
2056
2058
2063
916
109
2064
2066
2068
1092
918
2071
4
2076
919
920
2080
1326
111
43
2083
619
1702
1255
1703
2086
2087
1455
112
1176
1177
2095
113
2097
2098
2102
2105
1619
2109
2110
2111
534
2116
684
2118
2119
1280
58
238
114
966
2133
115
1039
2136
1129
212
2139
2140
1320
2144
1422
2146
2149
1715
888
2159
893
530
2161
620
2163
2164
2166
2167
2169
2172
2174
32
2177
903
548
650
2182
2183
2189
1454
1779
2190
2196
621
2203
2207
2210
739
394
2213
396
651
397
2224
2225
2231
2233
2239
2240
1107
62
2242
2243
2253
2255
1282
1729
2259
2265
2267
2268
400
202
2274
2275
2277
2279
2280
1284
2281
2282
2286
2289
982
2295
1784
816
1538
2309
1116
2311
1347
2313
194
264
266
2317
2318
2319
716
2322
404
1606
2327
2328
750
2329
2330
2331
614
2333
1010
2336
2341
2344
2343
2346
570
2348
2351
955
956
6
2352
2355
623
537
2357
1609
405
2360
1056
2362
2366
2367
2371
1569
2372
406
1288
2379
550
2381
2382
2383
879
2387
2391
861
407
3237
539
1497
763
1839
2396
3418
2399
2400
2403
2406
2408
2409
791
588
961
257
1731
2425
741
2427
624
1529
65
2434
127
2436
798
2437
2442
862
1178
2444
2447
1399
1068
278
2449
2454
2455
2458
2459
410
2460
2461
67
2463
969
1634
1179
282
625
2467
1544
2470
793
2482
2483
2486
2491
1474
2500
1069
1089
2505
820
2506
895
2507
1235
2509
1253
132
2514
2515
2516
133
2519
877
276
615
2521
924
2525
2528
1197
1833
542
1815
1160
2537
2245
695
2539
1173
195
2548
2550
1463
2553
2555
279
2558
1362
1118
134
1660
864
1363
2561
135
1692
420
554
2571
2573
1236
493
2574
2575
1514
2579
2580
2587
2590
1595
2591
2595
2596
973
1180
2599
2600
1621
22
23
2606
2607
1444
2609
137
994
1727
2625
423
2628
2635
1204
510
1445
2636
2640
751
2647
2649
1464
9
2652
372
2654
726
2660
69
2662
590
2671
1485
2675
2678
494
556
2684
2686
1072
1073
296
2691
2692
265
2696
141
1478
2699
429
2701
2702
925
2704
2705
142
1252
143
2711
2712
246
1367
2718
1368
1045
70
742
2720
2721
2722
2723
2724
1297
1298
2727
2728
1588
2737
1810
270
2746
865
2749
1728
2751
950
996
904
2757
2758
745
2760
2763
2765
743
438
591
1527
1334
2771
2772
2775
2777
1831
215
439
440
665
2257
2783
2788
628
2789
2790
1456
2797
2800
929
441
1033
2802
983
2804
2809
2815
1635
148
2816
2817
1503
2822
1791
376
248
152
2830
444
1050
3435
2831
2833
1016
12
2837
188
2839
2840
2842
2845
830
1828
1348
2851
1371
1597
447
2856
2857
2861
449
1794
2865
451
2867
1809
967
2870
1184
1840
2879
2880
300
362
951
1749
2881
2883
2886
2888
2890
2893
49
1730
2897
495
1487
2901
1208
2906
2907
2908
2910
2911
2917
720
1096
1598
2921
1579
2925
998
1027
1303
2985
1796
629
2935
2938
455
2939
2943
1172
890
1021
2948
2951
2955
457
1750
846
1637
755
1333
250
2960
721
2963
2967
1813
933
283
2973
1899
1685
2977
348
847
2982
2983
979
1097
1820
579
2992
2995
869
2996
2997
1237
3001
1012
848
3499
3018
3021
3022
3024
3028
672
1013
365
3030
1447
3035
460
3036
558
559
631
1576
3045
513
3048
3049
25
632
1743
1262
1510
3056
40
1720
3062
1905
1309
3066
594
1737
461
3069
462
1036
3072
3076
463
3081
1209
1210
3084
3093
1531
26
1186
3095
533
3100
3106
3108
3111
1217
3112
3113
3115
957
3116
633
592
164
3122
1515
3126
3127
803
76
1480
1377
874
1411
3133
3134
3135
251
3142
3144
1135
77
3147
881
3153
3156
1672
1121
3157
3161
3164
487
3167
3169
3171
3173
466
258
3177
3179
1506
1077
1318
1556
3181
3185
13
1583
1607
3191
3194
3195
469
1442
470
471
216
353
1078
1571
1802
3209
3210
9250
1423
3212
3213
1161
3216
472
3221
3235
3239
3244
817
634
1483
1030
3246
3247
3251
1751
882
3256
473
3260
1239
1449
3263
3266
1748
517
636
3267
3268
1450
3269
3274
3275
3277
3279
306
79
3281
1380
1140
3282
952
1732
3285
3286
910
942
778
474
3293
1268
3297
3299
3300
1682
851
652
191
3305
662
1537
1466
3309
475
3313
3314
3315
3316
3317
3318
3319
1803
1482
1381
1174
354
3325
3328
29
1144
1382
3330
3333
477
3336
3338
1424
608
1572
1573
3341
1054
3343
3344
253
3346
3350
1312
1192
3358
3363
3364
1805
535
3367
3368
3370
1978
177
3372
3373
1000
3375
852
3377
3379
3383
3384
3386
3387
3388
3389
1346
3390
259
3398
480
1022
3403
275
3409
274
1269
1314
944
885
1213
3419
1713
853
1530
3423
481
3424
3425
3426
786
3427
3428
3429
3431
1123
3434
3437
1242
1577
199
1125
1337
1714
3452
3454
1431
3455
3456
3457
3459
1100
1101
1467
3462
799
52
734
3467
3468
760
3475
713
80
1718
3485
3489
3491
3493
184
9001
9002
880
81
9007
953
9015
9017
9019
9023
9024
9026
9034
9036
638
9038
9039
9041
9042
9043
1386
1843
9046
9047
681
186
571
9051
1752
9052
9058
1126
9061
827
9067
9072
878
1817
83
1755
1674
1524
9077
719
9085
582
1243
1244
9086
9088
946
30
320
9249
1271
947
781
639
2633
3097
1470
2000
622
770
2450
725
2695
2734
1521
2882
2894
732
3439
819
9066
3205
364
1061
790
2353
2620
2657
1266
1602
9054
1854
1539
543
1862
380
1874
1882
1890
381
1908
1919
1471
1972
1772
1976
2002
522
2011
1562
2027
2031
197
2103
2120
1038
59
887
2165
2200
740
2218
336
2247
2252
2260
2276
1055
1783
1550
2310
1605
1490
2361
2363
2365
538
2414
2415
605
2441
128
1340
45
2504
863
795
415
2556
675
2592
889
214
511
2658
498
2661
1071
1390
427
432
2714
433
2730
1681
2738
2745
2747
1526
2773
1486
2793
1410
147
1792
445
2838
2844
198
2871
1564
1249
2923
1683
1304
1305
1306
271
2957
1688
249
2962
2994
349
3026
3031
3034
3052
3053
1628
3079
273
1187
871
3107
3117
3118
593
3125
3128
581
2332
980
3154
3170
3175
203
468
3199
3201
3207
3215
540
3233
3243
3245
1322
1324
3261
3264
3283
1141
3320
3326
3345
3371
3380
884
764
3433
1124
1842
483
945
2979
185
9025
9027
9028
254
682
1807
9049
9053
9055
9059
796
18
2697
363
3121
1462
87
2
1853
358
1434
1871
93
808
1884
1885
1888
1592
1894
269
1740
1922
1651
575
1008
1948
1949
617
1957
98
1961
1962
1771
544
1974
1975
99
1981
1229
1988
331
332
1998
2001
2008
2019
1775
2022
1676
84
2035
2039
2040
1632
2054
2060
2104
3
9112
2089
2092
2099
2107
2114
1066
2125
1263
209
1067
506
508
1437
207
2151
2156
583
922
2195
119
2202
2209
1439
2215
768
2219
2222
2223
2235
120
698
1662
1782
34
2262
2266
699
2271
485
1283
2290
2291
1356
1756
840
2297
1264
2300
2304
2306
340
2321
2324
2335
1624
2349
9111
674
2376
2386
124
2388
589
1245
1633
2426
126
2435
2446
1594
772
1663
700
843
1669
2477
2479
1475
2495
2496
2498
2503
2517
1440
292
2533
357
657
658
2536
2543
2545
792
1261
1035
1364
2563
2572
1426
294
136
1542
2602
2603
1611
702
2610
2611
2615
2617
1162
7
8
2644
1265
1294
10
845
1789
643
2669
2672
2673
2676
2680
2682
2687
2689
428
140
1296
926
2706
2707
557
703
1040
1790
2735
222
2739
2741
436
437
1427
2754
1074
2766
2767
2776
2784
2792
2801
2813
149
1636
2825
2826
1793
2849
2858
2859
2860
931
775
776
2884
2991
664
1495
1441
2909
1301
1302
2918
831
568
2930
2947
2956
2958
1780
1041
50
3004
1645
159
3007
855
532
3011
1797
3012
3015
1512
3032
200
1373
896
1308
1847
3058
560
905
574
3087
1800
74
350
3109
3119
3129
1599
3148
937
812
676
166
3172
3180
514
563
644
3203
3430
3217
1220
3229
3230
3231
3238
3240
577
3242
1664
1665
1325
939
1379
3271
3280
1639
3289
3291
1311
1600
704
637
174
3324
3329
1574
1804
3351
3357
3359
3361
2033
3365
1070
1241
1341
3369
1451
1452
178
1212
943
1081
85
86
3400
1024
157
180
3405
3414
280
181
1601
182
3442
3443
3445
1384
3446
898
482
1690
3480
3482
3255
3494
3495
825
9004
1603
411
412
27
9020
9031
567
9070
9071
82
707
9075
9076
854
17
9087
780
9091
949
366
367
1392
9102
9103
42
1554
2988
921
1354
1578
727
774
450
1418
3307
196
319
9089
913
899
1860
90
690
1880
807
95
915
835
1945
1007
901
1025
1276
836
206
2023
1175
1279
1618
1620
2113
2129
2134
505
841
2148
2153
2186
2198
360
399
2278
2287
2294
2305
2307
341
1491
1492
1625
123
2369
2370
2389
551
1684
2416
2438
2468
2478
2497
2512
344
2529
2534
1108
2546
1260
701
2559
1049
2576
2601
1163
2632
2642
2655
1285
2664
2668
2674
1689
139
2685
2690
927
47
435
1182
1369
1344
1596
502
932
2898
2931
2978
2984
691
3009
3014
160
3037
3041
1448
3047
1799
573
561
3078
163
897
3149
3150
849
223
3192
3202
1014
14
3219
3232
1211
3241
1323
3272
850
3294
3304
1143
3348
3352
3353
565
3378
3382
1345
1806
281
1522
352
3441
1315
3449
3465
3479
3481
15
1059
371
1082
9016
569
1604
576
9069
1316
1525
708
813
9080
765
9092
368
9097
2989
3184
2070
2168
1582
9098
1528
1989
2052
2288
2903
2945
3029
3059
3163
524
735
818
572
9078
213
1248
417
2653
1062
984
2949
2987
3061
685
1079
9009
1064
9093
1388
1916
1256
1358
71
2786
3417
528
1516
1321
302
746
509
244
35
586
3168
3401
